11011011001111001011000100110111110010010111010101101110100010111001000011101011
10110100001110111001010011110100001111111100000100111110011001010000100001101010
10101110001011001100101011111000100100101011111111000110011101000011010101001010
10110100110110000011110010110010010101101010100010001010111011011100101001010011
01001101100001001011101010101110010000100110000101100000011111011111011100101011
10101101000101011100000111100001100010001111001010011000101100011011000001100110
11000110010111111100111001011000100101001010000001001000110001110001001010110001
01001101110011100100000010110011000111000100111001000010110010010111111100111101
11001101110010000101111001010011101111010110001011111111000101000111101101111001
10110111111111010000011000001010000000011011010101010000101010000010100100100110
00101010011000011101010011010110110010011110001001111001111001100101000010011000
01111110010010101001101111000000011001001111111010001100110110101011101101100110
11111000011101000111110011011101100001111000001011100101010101000100011000011000
11100001100111000110010010100110110001101001000011110101000001100111011100110101
10001101111011001001110100110001111100000110111110100111000000110111100011110001
11000010101111000111100001010101010101010011011001110111111010110101010010000001
10010000000000110101110110110100101000111100011100100011011111101010010101001110
00011001100000101101100111011100010011001001101001011110111001011110101001111110
00001101111101110001101101001010001011010011000001111011000010110111101100110001
10110001111010011111110101111101010011001111001110000101001101010000011111000100
11010111010101101101111111111110100001000011000000000010000001100010111011100111
10100100101001100011111111100000101001101111011100101011100111010010100100001111
01101100011101110101011001101001110011011001011101011011011100111100000111100100
10001100111011101000100111101000011001111110110101001101100110000000000110100001
11111011111001100100100100010110111110110100110110111010101111101101100111101111